米食rice kitchen	110.925	17	40	261	0	0	0	1
澳洲房產	49.714283	56	294	261	0	0	0	1
合法徵信	25.301022	19	196	261	0	0	0	1
桃園徵信社	11.621522	72	1617	261	0	0	0	1
led	9.251343	33	931	261	0	0	0	1
如何減肥	8.293942	32	1007	261	0	0	0	1
宏達電	8.07737	32	1034	261	0	0	0	1
林志玲	6.2723627	36	1498	261	0	1	0	1
台北市	6.0259743	32	1386	261	0	0	0	1
周杰倫	5.974493	35	1529	261	0	1	0	1
吳姍儒	4.7432985	40	2201	261	0	0	0	1
馬英九	3.1616192	38	3137	261	0	1	0	1
running man	2.0612044	16	2026	261	0	0	1	1
姚立明	1.4737437	20	3542	261	0	0	0	1
統一發票9 10月	1.334912	27	5279	261	0	0	0	1
自由時報	1.2873687	23	4663	261	0	0	0	1
卡通巧克力香草	45.24	13	75	261	0	1	0	0
evan團體服	28.375992	96	883	261	0	1	0	0
保暖衣 禮品皇后	27.887444	337	3154	261	0	1	0	0
保暖 瞎拼有理	25.390081	304	3125	261	0	1	0	0
高壓清洗機	24.591005	44	467	261	0	1	0	0
主播張宇	23.686644	318	3504	261	0	1	0	0
足球場鬼影	22.832027	313	3578	261	0	1	0	0
伴娘張景嵐	19.43753	304	4082	261	0	1	0	0
婚紗攝影	15.986684	92	1502	261	0	1	0	0
一品腹黑皇后	15.147321	13	224	261	0	1	0	0
iphone配件阿羅哈	13.676856	24	458	261	0	1	0	0
貝克漢父子車禍	12.556808	401	8335	261	0	1	0	0
冰雲礦泉水	10.50566	32	795	261	0	1	0	0
運動襪	10.0	30	783	261	0	1	0	0
t6手電筒阿囉哈	9.8280945	115	3054	261	0	1	0	0
a4護貝膠膜	9.417948	115	3187	261	0	1	0	0
女三角褲	9.377245	18	501	261	0	1	0	0
訓練機 impaq	9.108974	49	1404	261	0	1	0	0
pvc證件套	9.065268	182	5240	261	0	1	0	0
環保包裝 可信	9.003201	97	2812	261	0	1	0	0
健身器材 impaq	8.872521	48	1412	261	0	1	0	0
設計網站 魔豆	8.659907	36	1085	261	0	1	0	0
威力牌護貝膠膜	8.574948	16	487	261	0	1	0	0
李連杰	7.909091	31	1023	261	0	1	0	0
聖誕批發阿囉哈	7.628392	14	479	261	0	1	0	0
seo優化蓮花	4.9583282	155	8159	261	0	1	0	0
航海王	4.1617312	14	878	261	0	1	0	0
吸塵器	2.960467	68	5995	261	0	1	0	0
searchterms	1.6078029	15	2435	261	0	1	0	0
you	1.0665821	58	14193	261	0	0	1	0
